1 trained-rest
[ 1 0 0 0 0 0 0 0 0 0 0 0 0 0 0 0 0 0 1 0 0 0 0 0 0 0 0 0 0 0 0 0 0 0 0 0 1 0 0 0 0 0 0 0 0 0 0 0 0 0 0 0 0 0 1 0 0 0 0 0 0 0 0 0 0 0 0 0 0 0 0 0 0 0 0 0 ]

2 rest-trained
[ -1 0 0 0 0 0 0 0 0 0 0 0 0 0 0 0 0 0 -1 0 0 0 0 0 0 0 0 0 0 0 0 0 0 0 0 0 -1 0 0 0 0 0 0 0 0 0 0 0 0 0 0 0 0 0 -1 0 0 0 0 0 0 0 0 0 0 0 0 0 0 0 0 0 0 0 0 0 ]

3 untrained-rest
[ 0 0 0 0 1 0 0 0 0 0 0 0 0 0 0 0 0 0 0 0 0 0 1 0 0 0 0 0 0 0 0 0 0 0 0 0 0 0 0 0 1 0 0 0 0 0 0 0 0 0 0 0 0 0 0 0 0 0 1 0 0 0 0 0 0 0 0 0 0 0 0 0 0 0 0 0 ]

4 rest-untrained
[ 0 0 0 0 -1 0 0 0 0 0 0 0 0 0 0 0 0 0 0 0 0 0 -1 0 0 0 0 0 0 0 0 0 0 0 0 0 0 0 0 0 -1 0 0 0 0 0 0 0 0 0 0 0 0 0 0 0 0 0 -1 0 0 0 0 0 0 0 0 0 0 0 0 0 0 0 0 0 ]

5 trained-untrained
[ 1 0 0 0 -1 0 0 0 0 0 0 0 0 0 0 0 0 0 1 0 0 0 -1 0 0 0 0 0 0 0 0 0 0 0 0 0 1 0 0 0 -1 0 0 0 0 0 0 0 0 0 0 0 0 0 1 0 0 0 -1 0 0 0 0 0 0 0 0 0 0 0 0 0 0 0 0 0 ]

6 untrained-trained
[ -1 0 0 0 1 0 0 0 0 0 0 0 0 0 0 0 0 0 -1 0 0 0 1 0 0 0 0 0 0 0 0 0 0 0 0 0 -1 0 0 0 1 0 0 0 0 0 0 0 0 0 0 0 0 0 -1 0 0 0 1 0 0 0 0 0 0 0 0 0 0 0 0 0 0 0 0 0 ]

7 (trained+untrained)-rest
[ 5.000000e-01 0 0 0 5.000000e-01 0 0 0 0 0 0 0 0 0 0 0 0 0 5.000000e-01 0 0 0 5.000000e-01 0 0 0 0 0 0 0 0 0 0 0 0 0 5.000000e-01 0 0 0 5.000000e-01 0 0 0 0 0 0 0 0 0 0 0 0 0 5.000000e-01 0 0 0 5.000000e-01 0 0 0 0 0 0 0 0 0 0 0 0 0 0 0 0 0 ]

8 rest-(trained+untrained)
[ -5.000000e-01 0 0 0 -5.000000e-01 0 0 0 0 0 0 0 0 0 0 0 0 0 -5.000000e-01 0 0 0 -5.000000e-01 0 0 0 0 0 0 0 0 0 0 0 0 0 -5.000000e-01 0 0 0 -5.000000e-01 0 0 0 0 0 0 0 0 0 0 0 0 0 -5.000000e-01 0 0 0 -5.000000e-01 0 0 0 0 0 0 0 0 0 0 0 0 0 0 0 0 0 ]

9 trained-control
[ 1 0 0 0 0 0 0 0 -1 0 0 0 0 0 0 0 0 0 1 0 0 0 0 0 0 0 -1 0 0 0 0 0 0 0 0 0 1 0 0 0 0 0 0 0 -1 0 0 0 0 0 0 0 0 0 1 0 0 0 0 0 0 0 -1 0 0 0 0 0 0 0 0 0 0 0 0 0 ]

10 control-trained
[ -1 0 0 0 0 0 0 0 1 0 0 0 0 0 0 0 0 0 -1 0 0 0 0 0 0 0 1 0 0 0 0 0 0 0 0 0 -1 0 0 0 0 0 0 0 1 0 0 0 0 0 0 0 0 0 -1 0 0 0 0 0 0 0 1 0 0 0 0 0 0 0 0 0 0 0 0 0 ]

11 untrained-control
[ 0 0 0 0 1 0 0 0 -1 0 0 0 0 0 0 0 0 0 0 0 0 0 1 0 0 0 -1 0 0 0 0 0 0 0 0 0 0 0 0 0 1 0 0 0 -1 0 0 0 0 0 0 0 0 0 0 0 0 0 1 0 0 0 -1 0 0 0 0 0 0 0 0 0 0 0 0 0 ]

12 control-untrained
[ 0 0 0 0 -1 0 0 0 1 0 0 0 0 0 0 0 0 0 0 0 0 0 -1 0 0 0 1 0 0 0 0 0 0 0 0 0 0 0 0 0 -1 0 0 0 1 0 0 0 0 0 0 0 0 0 0 0 0 0 -1 0 0 0 1 0 0 0 0 0 0 0 0 0 0 0 0 0 ]

13 (trained+untrained)-control
[ 5.000000e-01 0 0 0 5.000000e-01 0 0 0 -1 0 0 0 0 0 0 0 0 0 5.000000e-01 0 0 0 5.000000e-01 0 0 0 -1 0 0 0 0 0 0 0 0 0 5.000000e-01 0 0 0 5.000000e-01 0 0 0 -1 0 0 0 0 0 0 0 0 0 5.000000e-01 0 0 0 5.000000e-01 0 0 0 -1 0 0 0 0 0 0 0 0 0 0 0 0 0 ]

14 control-(trained+untrained)
[ -5.000000e-01 0 0 0 -5.000000e-01 0 0 0 1 0 0 0 0 0 0 0 0 0 -5.000000e-01 0 0 0 -5.000000e-01 0 0 0 1 0 0 0 0 0 0 0 0 0 -5.000000e-01 0 0 0 -5.000000e-01 0 0 0 1 0 0 0 0 0 0 0 0 0 -5.000000e-01 0 0 0 -5.000000e-01 0 0 0 1 0 0 0 0 0 0 0 0 0 0 0 0 0 ]

15 control-rest
[ 0 0 0 0 0 0 0 0 1 0 0 0 0 0 0 0 0 0 0 0 0 0 0 0 0 0 1 0 0 0 0 0 0 0 0 0 0 0 0 0 0 0 0 0 1 0 0 0 0 0 0 0 0 0 0 0 0 0 0 0 0 0 1 0 0 0 0 0 0 0 0 0 0 0 0 0 ]

16 rest-control
[ 0 0 0 0 0 0 0 0 -1 0 0 0 0 0 0 0 0 0 0 0 0 0 0 0 0 0 -1 0 0 0 0 0 0 0 0 0 0 0 0 0 0 0 0 0 -1 0 0 0 0 0 0 0 0 0 0 0 0 0 0 0 0 0 -1 0 0 0 0 0 0 0 0 0 0 0 0 0 ]

